BSN_01	17235,13162,9568
BSN_02	1045107,791943,253488
BSN_03	989324,748020,248769
BSN_04	125765,95451,40294
BSN_05	19841,15252,9505
BSN_06	1521445,1155687,358267
BSN_07	241651,182310,68116
BSN_08	45635,34361,22014
BSN_09	77382,58082,37252
BSN_10	3404986,2587559,729942
BSN_11	220655,168084,61769
BSN_12	165998,125301,50658
BSN_13	89019,67694,28433
BSN_14	382489,289557,107361
BSN_15	2824084,2141115,613918
BSN_16	140402,107248,43316
BSN_17	924626,733246,364236
BSN_18	570198,429009,150167
BSN_19	471774,355476,126041
BSN_20	239750,181365,71909
BSN_21	58403,45082,25138
BSN_22	549321,414897,143588
BSN_23	1916472,1445191,438263
BSN_24	342877,258294,95361
BSN_25	552040,439585,234801
BSS_01	4023863,3045693,853713
BSS_02	3024184,2280087,653728
BSS_03	70898,54495,26354
BSS_04	51231,38413,18662
BSS_05	1606148,1217790,379470
BSS_06	127570,96043,35898
BSS_07	274929,209245,78789
BSS_08	1453655,1093350,342883
BSS_09	816705,613737,208535
BSS_10	2330000,1761586,521787
BSS_11	501535,378673,134465
BSS_12	274350,208472,79955
BSS_13	18578362,14351939,4361216
BSS_14	571208,432835,149134
BSS_15	112165,85516,34251
BSS_16	136586,103762,41710
BSS_17	6407818,4845776,1242151
BSS_18	677790,513557,173369
BSS_19	21967062,17373236,4827272
BSS_20	8259508,6387920,2328042
BSS_21	929561,703346,231411
BSS_22	2408954,1826718,539269
BSS_23	297915,226853,83809
BSS_24	793640,601225,210701
BSS_25	4397346,3322025,891711
C02_01	341229,257718,94821
C02_02	606247,459719,159625
C02_03	20171,15640,8602
C02_04	390334,295179,102526
C02_05	3882225,2927315,809772
C02_06	82143,62084,26641
C02_07	1415470,1070568,328682
C02_08	935315,705419,230355
C02_09	485462,368066,128575
C02_10	507978,383827,133275
C02_11	37663,28552,13718
C02_12	744269,562858,185222
C02_13	1057275,800771,257118
C02_14	74347,56607,24438
C02_15	762044,573201,191716
C02_16	1150469,872068,277154
C02_17	631518,497683,266664
C02_18	184079,138819,53705
C02_19	123085,93273,36821
C02_20	1747867,1326336,401331
C02_21	4582743,3469515,939254
C02_22	18068,14029,10203
C02_23	256303,192710,71089
C02_24	654676,501055,279288
C03_01	329407,249749,93160
C03_02	110135,83537,36261
C03_03	250208,188641,72502
C03_04	4170343,3150197,873220
C03_05	1010924,761299,246706
C03_06	52069,39496,18426
C03_07	422414,317397,110710
C03_08	542251,408596,140228
C04_01	177602,133805,51616
C04_02	34143,26056,14316
C04_03	100770,76429,31799
C04_04	161870,122083,44572
C05_01	714603,540943,187587
C06_01	6099805,4726577,1830874
C08_01	216579,163733,65511
C10_01	1350704,1016352,316167
C14_01	44921,34290,19722
C15_01	159050,119231,45444
C15_02	738321,557901,188066
C15_03	72829,54579,23971
C15_04	238236,180147,67558
C15_05	58240,44119,19211
C15_06	1662556,1304371,690815
C15_07	3866564,3043186,1406766
C15_08	3615206,2845480,1330440
C15_09	1000530,785883,450785
C15_10	1536611,1215476,645352
C15_11	715632,566844,301322
C15_12	1807787,1423701,742106
C15_13	801187,629693,367265
C15_14	1165063,907107,512585
C15_15	1256924,987170,544664
C16_01	3253831,2548096,1219655
C16_02	902304,715550,410943
C16_03	811268,640634,370358
C16_04	978486,787446,444329
C16_05	1234629,976891,530923
C16_06	750745,596441,348083
C16_07	4020620,3177171,1448292
C16_08	1130267,890811,495071
C16_09	6798867,5345139,2214519
C16_10	1495408,1198054,626631
C16_11	629759,497578,297692
C16_12	2679955,2161698,1033121
C16_13	1040512,821652,463588
C16_14	1431966,1130305,602984
C16_15	4944699,3917300,1705902
C16_16	4260605,3359064,1525140
C16_17	717334,567724,332610
C16_18	676980,531660,315804
C16_19	759156,602749,345830
C16_20	2789689,2217349,1066053
C16_21	409622,323754,178702
C16_22	1105077,880021,485383
C16_23	754220,597015,350318
C16_24	560937,440381,265441
C16_25	1152205,915606,503563
C17_01	3395476,2658033,1262746
C17_02	4724492,3729647,1622039
C17_03	2943452,2349647,1116957
C17_04	624413,488105,291556
C17_05	669825,524735,312691
C17_06	1202306,949223,526087
C17_07	1621783,1279384,671444
C17_08	1433801,1135010,605387
C17_09	1145482,897695,502771
C17_10	443346,352081,193892
C17_11	664097,528587,313013
C17_12	623735,490168,294750
C18_01	767139,605946,353423
C18_02	986631,784618,398947
C18_03	641985,505974,269313
C18_04	494075,390882,214414
C19_01	1307208,1036750,564918
C19_02	385605,307751,190351
C20_01	1068292,855083,473835
C21_01	1089356,847299,478875
C21_02	512649,404478,246548
C21_03	832504,655776,378530
C21_04	1131260,897545,495979
C21_05	485759,383053,233818
C21_06	1056815,829008,464382
C21_07	668045,528973,311381
C21_08	742143,591230,341818
C21_09	625572,492621,291498
C22_01	1039857,818515,415458
C22_02	782204,615289,358483
C22_03	776362,610100,357638
C22_04	738574,587665,340410
C22_05	1879992,1484057,769365
C22_06	494028,391519,238349
C22_07	1521557,1198632,641538
C22_08	795117,628537,362991
C22_09	2277660,1796838,901359
C22_10	679754,533339,314352
C22_11	1169351,919577,506354
C23_01	1194848,941271,523238
C23_02	2772801,2184905,1060316
C23_03	1264633,1001553,546647
C23_04	1822051,1433833,749898
C23_05	732989,578802,339049
C23_06	871365,690993,393240
C23_07	680263,538191,315161
C23_08	3584059,2835646,1314819
C23_09	2469545,1969427,964736
C23_10	1519340,1195276,634560
C23_11	701433,556140,323429
C23_12	299796,235971,149619
C23_13	1043299,826750,464373
C23_14	613207,481079,254216
C23_15	2578250,2030288,1012181
C23_16	4322103,3406029,1528437
C23_17	1852814,1463123,758866
C23_18	1235778,975288,530331
C23_19	4036437,3237602,1458649
C24_01	536081,423967,257941
C24_02	858809,678233,351864
C24_03	1739526,1378396,720941
C24_04	698946,552309,299174
C24_05	3417663,2603419,1236304
C24_06	5321222,4041955,1778437
C24_07	45437,34640,25798
C24_08	5464992,4236022,1710432
C24_09	1080316,864512,443087
C24_10	3216543,2454514,1164600
C24_11	1497344,1183812,592136
C24_12	570161,450250,243766
C24_13	481616,378493,209916
C24_14	211929,160810,105476
C24_15	3000988,2305104,1115963
C24_16	16921,13131,10208
C24_17	5375433,4185478,1806938
C24_18	812158,623478,356140
C24_19	4264764,3363469,1374074
C24_20	6271982,4805432,2031024
C24_21	2098240,1591381,816707
C30_01	2113511,1603346,823966
C30_02	2470472,1917118,940878
C30_03	13305868,10498818,3374979
C31_01	982849,771165,432056
C31_02	208553,166337,98400
C31_03	1819035,1385658,715338
C31_04	5108984,3923073,1722381
C31_05	193752,146039,99844
C31_06	1224779,941464,515915
C31_07	1986989,1508096,783739
C31_08	9858167,7800702,2648242
C31_09	2068618,1597546,812529
C31_10	308213,236622,146550
C31_11	1925698,1496491,755282
C31_12	2045351,1552106,803499
C31_13	2125858,1618188,813630
C31_14	20840,16341,12444
C31_15	4062999,3064051,1432311
C31_16	6552586,4992894,2115728
C31_17	7414775,5868756,2208669
C31_18	1076660,813939,455469
C31_19	1351387,1037433,564302
C31_20	2142838,1635938,838390
C31_21	2912671,2210473,1070853
C31_22	2098980,1598556,812563
C31_23	3141183,2373787,1156853
C31_24	209337,159224,106268
C31_25	5506124,4231782,1835168
C32_01	1899488,1449857,749140
C32_02	3258622,2571509,1095152
C32_03	8471773,6503249,2590237
C32_04	3633261,2770528,1288162
C32_05	34245,24363,19076
C32_06	1958058,1505003,759083
C32_07	602037,462384,275103
C32_08	34800,30592,12157
C32_09	2768782,2133264,1039154
C32_10	1447507,1101555,589828
C32_11	4698115,3626803,1602963
C32_12	3301713,2561923,1191143
C32_13	1411094,1080132,582535
C32_14	1524435,1164184,622840
C32_15	967223,743846,418724
C32_16	17434,13356,10344
C32_17	697344,537839,310691
C32_18	1863673,1412303,732380
C32_19	2488077,1892018,949180
C32_20	2484721,1902647,950409
C32_21	1707053,1319152,692582
C32_22	1200531,916722,509216
C32_23	661193,507289,300227
C32_24	1769386,1338099,712195
C32_25	2082906,1595045,817928
C33_10	2092907,1557504,792837
C33_11	7372,5713,5220
C33_12	1466937,1087347,582109
C33_13	1816012,1339945,692755
C33_14	1862498,1380266,711382
C33_15	1615400,1205921,629996
C33_16	1349252,997630,540486
C33_17	4017,3055,2920
C33_18	8892,6794,6440
C33_19	1601536,1189760,625265
C33_1	1632674,1222363,648019
C33_20	7336272,5660136,2115413
C33_21	846113,625916,350234
C33_22	1950133,1496891,712282
C33_23	1884697,1446912,691392
C33_24	1203324,890668,478764
C33_25	1378490,1058781,537147
C33_2	3276978,2405219,1141616
C33_3	41339,29882,22719
C33_4	1334324,988905,536968
C33_5	2552057,1894414,933241
C33_6	2338525,1730026,861828
C33_7	3343192,2472746,1178694
C33_8	1149767,860949,471942
C33_9	1118787,833812,455672
COR_01	4056779,2979337,1354821
COR_02	1980385,1456403,733180
COR_03	2745163,2075669,936362
COR_04	2242108,1649667,817651
COR_05	2101315,1542392,770457
COR_06	1660018,1215827,613539
COR_07	3502714,2642954,1140296
COR_08	4637087,3499588,1442083
COR_09	2510600,1844468,899530
COR_10	897395,659388,371118
COR_11	1727612,1262589,657384
COR_12	1617515,1187926,618565
COR_13	6389375,4849687,1870778
COR_14	11520578,8762989,2989952
COR_15	1732645,1266879,655292
COR_16	1395235,1008194,533116
COR_17	2375568,1754866,861298
COR_18	2764295,1999108,961626
COR_19	1348096,997960,533195
COR_20	2422505,1836130,852604
CS20_01	2388703,1835055,918512
CS20_02	1188632,904506,502387
CS20_03	1136934,866491,484031
CS20_04	4685936,3566541,1607850
CS20_05	1675411,1251398,670192
CS20_06	908279,716022,384085
CS20_07	2138211,1628914,837144
CS20_08	1284023,982238,538624
CS20_09	1594618,1222928,647039
CS20_10	6090180,4682266,1945802
CS20_11	2968627,2264721,1099577
CS20_12	828389,632909,367574
CS20_13	1709179,1295970,685628
CS20_14	1223447,940858,513426
CS20_15	229098,178302,114165
CS20_16	719663,572261,308999
CS20_17	1195757,914770,500391
CS20_18	3581293,2724360,1293319
CS20_19	890092,680544,390503
CS20_20	5238419,4003966,1746176
CS20_21	517551,394881,240391
CS20_22	1616969,1249431,658141
CS20_23	754950,573915,339270
CS20_24	872513,676438,385374
CS20_25	779961,616453,324087
CS23A_01	1450222,1112551,614703
CS23A_02	4204714,3267653,1493164
CS23A_03	3700438,2887005,1352463
CS23A_04	478654,372192,234422
CS23A_05	622760,483992,293102
CS23A_06	727921,569952,341307
CS23A_07	656690,509416,306969
CS23A_08	1521962,1189169,637356
CS23A_09	2194365,1696890,877124
CS23A_10	5060407,3933917,1750880
CS23A_11	2799060,2161545,1072220
CS23A_12	2154917,1685146,866519
CS23A_13	1732117,1343407,708027
CS23A_14	3429595,2710492,1278412
CS23A_15	1143684,885998,495403
CS23A_16	3119234,2446687,1183374
CS23A_17	599616,466922,284489
CS23A_18	2994271,2329182,1136950
CS23A_19	2163951,1678440,868937
CS23A_20	1440537,1136511,612321
CS23A_21	533040,412827,255966
CS23A_22	3012523,2389306,1142778
CS23A_23	766584,591554,352775
CS23A_24	431049,333196,210925
CS23A_25	2799199,2187717,1070716
CS25_01	4695810,3656139,1645400
CS25_02	982633,770710,440143
CS25_03	1153002,893432,501652
CS25_04	968369,756233,426280
CS25_05	2189137,1721055,861916
CS25_06	285370,223229,141806
CS25_07	328282,257639,164073
CS25_08	1055268,815810,464088
CS25_09	1342776,1045053,570646
CS25_10	1605748,1254764,671484
CS25_11	899980,693570,405641
CS25_12	2041240,1585064,827775
CS25_13	2552813,2011069,993906
CS25_14	880291,683351,393963
CS25_15	830327,648832,374819
CS25_16	2425284,1886267,945344
CS25_17	1491271,1160051,622547
CS25_18	1465704,1144520,618589
CS25_19	2867495,2232502,1100192
CS25_20	5669921,4425192,1912870
CS25_21	3120939,2448139,1177352
CS25_22	369992,287695,183625
CS25_23	474885,366678,229476
CS25_24	2855679,2234759,1101059
CS25_25	3548587,2764988,1305763
CS27_01	1035371,808288,462344
CS27_02	579525,446264,277483
CS27_03	449720,352410,218998
CS27_04	550363,433891,263078
CS27_05	1285018,998978,549141
CS27_06	1022965,794956,450473
CS27_07	1980275,1548152,796217
CS27_08	2671606,2099517,1024572
CS27_09	548519,429751,263018
CS27_10	724645,564907,335969
CS27_11	529052,413176,251872
CS27_12	598495,469598,283211
CS27_13	357131,280788,157866
CS27_14	1077812,836495,471645
CS27_15	459923,357823,224151
CS27_16	2330099,1812557,916584
CS27_17	3065849,2410096,1149497
CS27_18	1861657,1455546,760087
CS27_19	887451,695729,399304
CS27_20	4631619,3610939,1623283
CS27_21	2894568,2254643,1096227
CS27_22	929341,722598,414650
CS27_23	1347804,1045745,571927
CS27_24	1685054,1312340,695310
CS27_25	1292254,1007077,559848
CS29_01	2992316,2332801,1131904
CS29_02	3207587,2501480,1197407
CS29_03	3186211,2477452,1191319
CS29_04	982747,766591,437029
CS29_05	555390,439045,239793
CS29_06	1636276,1279538,672092
CS29_07	2838200,2215520,1083112
CS30A_01	689919,539789,321531
CS30A_02	448653,347049,218939
CS30A_03	1121756,879318,488050
CS30A_04	188602,147514,97791
CS30A_05	9012518,6896378,2548339
CS30A_06	962188,750622,426571
CS30A_07	219775,176604,104610
CS30A_08	569611,458795,246438
CS30A_09	789185,608288,361189
CS30A_10	548809,422741,245534
CS30A_11	2058506,1623089,834383
CS30A_12	738270,570546,340277
CS30A_13	788663,614659,356917
CS30A_14	537206,418348,256154
CS30A_15	3072512,2444648,1184983
CS30A_16	2107597,1669648,867540
CS30A_17	2202013,1756312,904081
CS30A_18	3056129,2434616,1186504
CS30A_19	1564320,1247902,667471
CS30A_20	5018408,4030218,1770752
CS30A_21	1799453,1440623,754095
CS30A_22	2151681,1674580,785429
CS30A_23	2402857,1898741,973144
CS30A_24	3566927,2817903,1359920
CS30A_25	1234487,959758,511034
D01_10	2748897,2192891,1074606
D01_11	1880276,1509992,794182
D01_12	3099439,2470264,1204478
D01_13	948038,755211,432729
D01_14	2391675,1901980,959181
D01_15	2791657,2221747,1108472
D01_1	5174758,4136369,1834422
D01_2	1334734,1061364,580305
D01_3	3433683,2757632,1305889
D01_4	2973817,2382599,1146792
D01_5	4063662,3262445,1528683
D01_6	3771418,3010332,1424088
D01_7	8530555,6810915,2705479
D01_8	2609814,2065373,1038418
D01_9	3696193,2960235,1381215
D02_01	2594858,2060735,1031838
D02_02	2401122,1908721,958572
D02_03	1092449,870296,486172
D02_04	140269,109590,78610
D02_05	418914,336701,205672
D02_06	2273130,1827644,924103
D02_07	3594928,2864691,1357194
D02_08	2826971,2257845,1098804
D02_09	2491964,1987479,999067
D02_10	3628998,2891920,1372366
D02_11	1911839,1519501,805090
D02_12	2802738,2229269,1091559
D02_13	1085345,866081,484783
D02_14	2901674,2332069,1146174
D02_15	2394901,1910147,970510
D02_16	2085136,1659290,853232
D02_17	801308,631352,370733
D02_18	3074401,2439359,1192139
D02_19	6197955,4942669,2125790
D02_20	1510491,1210932,654381
D02_21	1220502,955326,492515
D02_22	603980,459687,255361
D02_23	7272954,5824811,2416420
D02_24	1888499,1495915,798346
D02_25	1549300,1223566,669000
D03_01	4397579,3514243,1608401
D03_02	684368,548752,322869
D03_03	1139306,920319,507273
D03_04	1992189,1583669,828505
D03_05	1778124,1421215,745933
D03_06	1201270,953785,535985
D03_07	7454105,5987001,2415509
D03_08	2126465,1694625,861917
D03_09	2433060,1944436,968260
D03_10	820129,654951,377416
D03_11	1008729,809999,453468
D03_12	1869060,1507748,775545
D03_13	2294807,1828201,935899
D03_14	3763934,3005226,1404572
D03_15	2830382,2253521,1106760
D03_16	3335413,2672171,1262104
D03_17	1726840,1380984,732793
D03_18	1307457,1044812,568505
D03_19	8121109,6471571,2616627
D03_20	1192352,950185,529238
D03_21	3494862,2801617,1326774
D03_22	3026823,2413035,1166645
D04_01	898466,712923,415130
D08_01	1410283,1123281,612946
D08_02	1066645,839408,429137
D08_03	2295369,1833243,933856
D09_01	6458781,5162638,2193220
D09_02	1866024,1501623,788350
D09_03	1692876,1360012,718677
D09_04	1766044,1406768,740913
D09_05	1276676,1009953,562956
D09_06	1560802,1246060,670966
D09_07	2789552,2215683,1087161
D09_08	2977668,2387484,1143226
D09_09	576115,461100,277312
D09_10	6706589,5376863,2258775
D09_11	2392584,1906717,963786
D09_12	11373052,9052496,3360022
D09_13	874902,697265,397857
D09_14	5475323,4373293,1891394
D09_15	2865088,2283932,1106894
D09_16	1090074,861767,498747
D09_17	2756695,2199998,1085863
D09_18	4811376,3865435,1738902
D09_19	1333452,1063615,596387
D09_20	2139734,1611232,837991
D09_21	1978479,1560105,723190
D09_22	2460210,1939647,874174
D09_23	2479479,1861534,973591
D09_24	1436266,1082406,594044
D09_25	2320889,1867475,853781
D10_01	1303472,981951,549095
D10_02	1976870,1499096,784154
D10_03	3806644,2841223,1370991
D10_04	917134,683986,410787
D10_05	1706722,1256246,687806
D10_06	2718712,2055373,1042117
D10_07	1390433,1038785,582110
D10_08	1807778,1366268,734556
D10_09	1936983,1464300,771831
D10_10	2302945,1750262,906121
D10_11	2221515,1620508,880732
D10_12	2633878,1975959,1013853
D10_13	1943253,1451266,780055
D10_14	1960429,1500013,781159
D10_15	1192227,893704,514249
D10_16	1771634,1320931,722992
D10_17	2263969,1704347,882024
D10_18	2924147,2314159,1037260
D10_19	1856357,1397417,732221
D10_20	1728144,1304348,703517
D10_21	1501863,1131508,625281
D10_22	1932518,1432108,776984
D10_23	1246872,938727,527158
D10_24	1561606,1181191,649006
D10_25	332164,245191,158505
D11_01	1801230,1369077,733691
D11_02	1880632,1416249,752842
D11_03	1919180,1506689,696584
D11_04	970596,744487,387111
D11_05	2118283,1670773,766489
D11_06	8728,6737,5971
D11_07	1060996,801036,458286
D11_08	1157082,853181,490665
D11_09	1073520,811141,462690
D11_10	1608888,1202806,604567
D11_11	1959296,1515985,728056
D11_12	847381,659752,346092
D11_13	1630007,1285446,625012
D11_14	976385,760178,400596
D11_15	1787175,1412982,661748
D11_16	1921032,1529886,726981
D11_17	1179080,894332,472926
D12_01	2131129,1603536,835602
D12_02	1932834,1445286,778266
D12_03	3100597,2329837,1167485
D12_04	2082528,1647113,755042
D12_05	852756,647313,379414
D12_06	701117,534917,318479
D12_07	2638126,2068877,957780
D12_08	2219633,1670575,866594
D12_09	2309978,1701135,889826
D12_10	2198216,1686805,856711
D12_11	1889208,1377828,749163
D12_12	2258261,1697259,885930
D12_13	1688376,1268275,685800
D12_14	1532696,1156892,637171
D12_15	1311445,977357,553383
D12_16	1598935,1180256,646884
D12_17	2555539,1889597,979812
D12_18	2208934,1652154,867013
D12_19	893233,672131,363661
D12_20	1752673,1324202,714398
D12_21	2701886,2105456,954327
D12_22	219687,170069,101317
D12_23	1313131,984333,554676
D12_24	2510610,1891046,965987
D12_25	796659,594537,346900
D13_01	1074275,816978,422110
D13_02	3026662,2257324,1076025
D13_03	2454000,1825470,942922
D13_04	1336491,1035556,521812
D13_05	2621982,1942139,970297
D13_06	1939191,1487517,718788
D13_07	1026219,795691,410495
D13_08	2283695,1804699,869995
D14_01	1851901,1351924,684259
D14_02	1845932,1385227,735576
D14_03	2571177,1928639,983102
D14_04	2851627,2129698,1006729
D14_05	817734,613226,363336
D14_06	1833846,1366999,756423
D14_07	1917763,1445997,764954
D14_08	1962549,1467923,737825
D14_09	722001,555237,302024
D14_10	2970470,2172643,1031372
D14_11	3614,2858,2611
D14_12	2015859,1516454,805387
D14_13	2397482,1864831,856798
D14_14	1760733,1336031,724127
D14_15	1843019,1380018,747281
D14_16	2459789,1827313,912613
D14_17	1555544,1162324,613377
D14_18	1255850,941344,506637
D14_19	3504708,2629478,1235201
D14_20	871667,635010,366315
D14_21	1210918,891431,496366
D14_22	791650,618044,337003
D14_23	771354,565544,331688
D14_24	984712,731211,417158
D14_25	654874,510589,283068
D15_10	8448568,6547947,2384339
D15_11	2798762,2115403,1016396
D15_12	1636081,1242155,639920
D15_13	3308608,2497509,1172272
D15_14	2757014,2081528,1003295
D15_15	2336821,1755066,869475
D15_16	4521573,3415362,1534524
D15_17	3546191,2687513,1229395
D15_18	147730,106760,73605
D15_19	1618641,1208172,632636
D15_1	2733270,2033563,989674
D15_20	1978898,1474623,763407
D15_21	655559,492494,274352
D15_22	1498444,1132622,602850
D15_23	981647,723944,414660
D15_24	907236,662625,378308
D15_25	847371,619518,362593
D15_2	137266,103001,67700
D15_3	2234777,1677531,840941
D15_4	3276868,2480324,1163035
D15_5	3535466,2661296,1232251
D15_6	818339,614036,353532
D15_7	2787587,2093973,1015865
D15_8	6279974,4743265,1983281
D15_9	4239005,3197119,1450099
D16_10	663628,498777,293982
D16_11	806492,601140,351210
D16_12	1024734,771332,427209
D16_13	877723,636087,365982
D16_14	930091,683049,393526
D16_15	2247281,1665528,838645
D16_16	2958911,2216895,1073887
D16_17	1082293,813943,460710
D16_18	515924,405508,225201
D16_1	910737,671686,393713
D16_2	257256,202405,117381
D16_3	761656,552271,323509
D16_4	7611,5812,5011
D16_5	5441,4357,3793
D16_6	895440,676246,373140
D16_7	934229,698967,393568
D16_8	1225878,909368,496674
D16_9	218547,173819,104903
D17_1	4103907,3157846,1305340
D17_2	887003,665517,382335
D17_3	723789,547652,313415
D17_4	3697005,2791756,1245472
D17_5	1044752,788433,436763
D19_10	1300298,974416,524088
D19_11	1639092,1225435,634384
D19_12	611897,478983,261006
D19_13	853976,639317,363000
D19_14	658326,493290,288055
D19_15	767446,570840,329282
D19_16	992034,734531,413104
D19_1	1731261,1303690,676962
D19_2	1778190,1331147,683846
D19_3	2779196,2087503,1008856
D19_4	4617571,3484564,1553637
D19_5	1068700,800779,443777
D19_6	1879398,1409120,715374
D19_7	325076,237141,147275
D19_8	2388754,1786159,888676
D19_9	1158556,869498,473012
D20_1	1346482,1011707,541348
D20_2	4280924,3208634,1449902
D20_3	13414506,10568628,3364730
D20_4	5170749,3898078,1699806
D20_5	756228,564708,325313
D20_6	797944,597802,342527
D22_10	745265,549006,319570
D22_11	2100684,1582127,798114
D22_12	690339,504858,298330
D22_13	487967,384769,216640
D22_14	1050979,790159,439299
D22_15	1744853,1303509,686118
D22_16	677574,501525,298506
D22_17	647379,468042,295104
D22_18	803758,589191,357687
D22_19	861739,650426,388315
D22_1	367050,288476,165458
D22_20	585386,440592,276419
D22_21	435362,341145,194071
D22_22	682687,517005,312394
D22_23	245385,189819,113625
D22_24	311112,247998,142176
D22_25	593092,442685,277441
D22_2	883835,659495,374071
D22_3	632515,475488,277121
D22_4	961202,702615,400998
D22_5	842419,632292,359000
D22_6	534951,417001,233122
D22_7	900577,673462,386201
D22_8	390483,304987,174324
D22_9	1083933,790500,449693
D25_1	3093385,2314927,1155091
D26_10	682200,511390,317119
D26_1	1508485,1124203,608522
D26_2	1604593,1195179,664590
D26_3	2223023,1673221,871666
D26_4	10399,7885,6660
D26_5	2447814,1848349,943925
D26_6	1382915,1050308,586104
D26_7	1077723,811352,472391
D26_8	1716022,1270920,704738
D26_9	2369358,1782332,915782
D27_1	2874312,2168349,1086109
D27_2	1160019,870102,505148
D27_3	658264,485824,303789
D27_4	425183,315709,204945
D27_5	2551491,1919887,958165
D27_6	809264,605866,370887
D27_7	758782,564530,345803
D28_10	879019,664618,369853
D28_11	5457740,4186049,1683274
D28_12	877285,658036,392410
D28_13	466826,352543,226461
D28_14	616648,476713,264325
D28_1	3066122,2306343,1139839
D28_2	2573604,1936162,988843
D28_3	1773340,1331295,734043
D28_4	535918,402856,248939
D28_5	1927618,1458368,776510
D28_6	3551,2694,2556
D28_7	2741573,2061016,1032524
D28_8	2346891,1765824,931888
D28_9	948762,696036,424351
D29_1	35463,26447,19411
D30_10	2378922,1799131,907946
D30_11	1100636,828212,472942
D30_12	1531785,1164372,639552
D30_13	2392340,1807391,940262
D30_14	760220,573086,345284
D30_15	2969052,2252703,1094587
D30_16	2098210,1578507,785057
D30_17	2414099,1825711,933662
D30_18	3597130,2709708,1309258
D30_19	829214,628938,375815
D30_1	1187242,887598,507490
D30_20	860864,651165,385899
D30_21	2399764,1812270,929742
D30_22	1857782,1401052,737532
D30_23	3438017,2577186,1264320
D30_24	4260440,3211375,1489074
D30_25	3242314,2457819,1208003
D30_2	1934168,1450081,781521
D30_3	2162271,1628766,852536
D30_4	3839495,2911181,1397114
D30_5	2444502,1845370,949054
D30_6	1871091,1412623,760067
D30_7	7357,5741,5307
D30_8	2611909,1958039,963259
D30_9	2868515,2159614,1082439
D31_10	276304,208798,136596
D31_11	168216,126631,85214
D31_12	8140581,6239815,2299905
D31_13	1437825,1089341,603473
D31_14	2278501,1725586,893769
D31_15	1001558,750216,439793
D31_16	1347313,1018132,574543
D31_17	750023,588484,320382
D31_18	114766,86709,60279
D31_19	39533,29880,21653
D31_1	1389080,1046827,589282
D31_2	2139600,1616802,842801
D31_3	3702946,2794998,1345595
D31_4	3104052,2338162,1150814
D31_5	3280443,2485006,1222902
D31_6	2669481,2013754,1019209
D31_7	2650631,1995253,983191
D31_8	2613594,1967843,997881
D31_9	7929,6001,5210
D32_1	148902,112438,77351
D32_2	1521967,1152533,629352
D32_3	1431855,1069478,607109
D32_4	767062,576732,326619
D32_5	894853,668514,403097
D32_6	1339722,1004661,568032
D32_7	938210,714749,421971
D33_10	1177964,902637,463941
D33_11	952546,737395,388624
D33_12	2705228,2129727,945535
D33_13	556522,421373,241454
D33_14	279946,209417,128092
D33_15	834330,640998,344824
D33_16	453949,345020,200133
D33_17	1457378,1155993,560563
D33_18	846986,652360,355957
D33_19	574622,447232,256911
D33_1	1769161,1336710,731589
D33_20	1133101,865421,461463
D33_21	939760,717278,387383
D33_22	1020796,779422,419393
D33_23	1325288,1053169,509736
D33_24	947360,720776,387221
D33_25	1038768,810608,430771
D33_2	1693421,1292606,703212
D33_3	34283,26144,19255
D33_4	771692,586862,321685
D33_5	869807,659657,353797
D33_6	564571,429191,245116
D33_7	1754611,1377870,644737
D33_8	639964,485462,269610
D33_9	916628,710631,369508
D34_10	1391909,1099012,562720
D34_11	1314511,1056142,517328
D34_1	1520043,1219807,589464
D34_2	1398255,1104590,539484
D34_3	1815543,1431397,679221
D34_4	4314067,3407395,1395451
D34_5	408318,314939,186071
D34_6	2344293,1840002,824022
D34_7	581561,442530,252120
D34_8	1082038,828951,439715
D34_9	1179067,930960,456645
D35_10	1585127,1250527,597070
D35_11	1563517,1229135,585217
D35_12	892308,679107,371620
D35_13	1243500,951958,495665
D35_14	1368110,1081162,526161
D35_15	823187,627053,345165
D35_16	951519,724437,388840
D35_17	500920,382289,222351
D35_18	585288,444431,250855
D35_19	525552,403283,234145
D35_1	733940,559290,308749
D35_20	360241,275091,162027
D35_21	810496,625405,345061
D35_22	1669481,1321685,625527
D35_23	944757,725035,382336
D35_24	762963,589388,321283
D35_25	884535,686654,363909
D35_2	1355438,1073301,525727
D35_3	838584,630813,346953
D35_4	1033737,784553,417563
D35_5	915506,707565,376588
D35_6	503666,385450,224128
D35_7	1502932,1194502,574873
D35_8	2843883,2227569,1003445
D35_9	1531962,1206869,575948
D36_10	502931,384901,221544
D36_11	943259,716903,363667
D36_12	1774399,1353506,671248
D36_13	736080,562101,311041
D36_14	723732,553900,310973
D36_15	645536,489207,273683
D36_16	870785,668342,358608
D36_17	1128148,863396,454968
D36_18	1427043,1088985,534861
D36_19	1109381,849266,446120
D36_1	848836,683351,347766
D36_20	4273174,3288876,1360690
D36_21	1753484,1338882,634536
D36_22	642602,496617,282018
D36_23	777350,596100,323507
D36_24	697900,534860,298259
D36_25	804276,614537,335550
D36_2	662262,504475,282934
D36_3	600596,461182,261224
D36_4	960470,761714,393941
D36_5	526724,407223,235796
D36_6	680077,515021,290397
D36_7	852460,646712,352067
D36_8	8936,6953,6037
D36_9	975564,745843,401727
D37_10	1553434,1199598,595504
D37_11	1363551,1040292,535854
D37_12	714298,564490,317346
D37_13	9567370,7262398,2613802
D37_14	2304896,1748585,807169
D37_15	1452470,1102748,541744
D37_16	1162627,854699,470882
D37_17	217901,160075,100637
D37_18	2634116,2009037,915561
D37_19	1800576,1364903,650722
D37_1	1296652,985969,504195
D37_20	1252551,927683,496692
D37_21	1866939,1426604,674556
D37_22	1579963,1168241,614304
D37_23	1249790,957341,475771
D37_24	1558581,1199367,582363
D37_25	1509013,1118040,599494
D37_2	1474944,1119194,545144
D37_3	393840,311204,186530
D37_4	1032002,791194,403447
D37_5	1158779,897882,465762
D37_6	7242,5606,4891
D37_7	1205951,921015,474890
D37_8	2751375,2103315,945001
D37_9	616204,468840,265268
D38_10	1503901,1132507,601530
D38_11	2990263,2270775,1011649
D38_12	1447116,1104400,544335
D38_13	1555466,1180361,576814
D38_14	2268614,1673289,836520
D38_15	1768025,1312702,681434
D38_16	2552310,1874772,920044
D38_17	1000224,740894,414460
D38_18	932206,692054,381238
D38_19	279723,208893,131381
D38_1	845634,623454,347958
D38_20	1438235,1072069,565731
D38_21	1943180,1488234,698945
D38_22	1213933,901515,489232
D38_23	1652292,1225541,637135
D38_24	2006991,1482822,764806
D38_25	2045021,1513468,762932
D38_2	1336568,1001632,526632
D38_3	1791106,1327643,677654
D38_4	1210935,933660,457439
D38_5	2130923,1619908,759222
D38_6	805919,593269,336195
D38_7	1969090,1454417,748751
D38_8	2151488,1599149,786295
D38_9	2579583,1962505,894188
D39_10	1105118,817963,456714
D39_1	1932269,1469083,691126
D39_2	989170,733117,412030
D39_3	728872,543668,317175
D39_4	2105336,1558960,787197
D39_5	2378729,1758161,867391
D39_6	1219154,934038,469232
D39_7	2174649,1648802,763330
D39_8	2172170,1656065,776874
D39_9	2659600,1981202,981236
HR1_1	2169775,1660245,779106
HR1_2	2166456,1644074,782050
HR1_3	1121650,854830,437733
HR1_4	395023,299448,172028
HR1_5	2660963,1979039,972133
HR1_6	1011532,775944,399088
HR2_1	556307,433738,234841
HR2_2	1029864,802916,409355
HR2_3	1523035,1131336,595251
HR2_4	2424647,1841324,856506
HR2_5	1711884,1307061,630588
HR2_6	2061083,1526909,765267
HR2_7	1504395,1147894,572074
HR4_1	933824,694540,390716
HR4_2	1346398,1003218,539784
HR4_3	2445462,1849277,850011
HR4_4	1704134,1290394,625426
HR4_5	1302239,994302,498664
HR4_6	827139,655196,343365
HR4_7	1526359,1170232,572729
HR4_8	1084116,848142,430582
HR5_1	1066884,794869,438776
HR5_2	3623162,2680162,1249880
HR5_3	1975143,1519434,718594
HR5_4	803975,595387,331411
HR7_1	1130411,834935,456852
HR7_2	1386917,1058458,518668
HR7_3	1153954,851832,469854
HR7_4	1473989,1121302,553687
HR7_5	733974,569666,305327
HR8_1	1712104,1314905,635171
HR8_2	1472684,1131354,559913
HR8_3	1720801,1326118,637791
JR1_1	3382353,2620872,1145754
JR1_2	1448637,1070577,569911
JR1_3	1364755,1040965,518478
JR3_10	7284,5593,5186
JR3_11	1574041,1205166,585775
JR3_12	3076775,2353786,1037004
JR3_13	874163,650068,374385
JR3_14	4149439,3125058,856144
JR3_15	1531484,1171011,575821
JR3_16	50732,38896,19967
JR3_17	2059599,1568222,744797
JR3_18	1677687,1265764,385441
JR3_19	2901064,2212666,991593
JR3_1	1431364,1059472,572555
JR3_20	2197366,1679609,783879
JR3_21	1960680,1505641,716230
JR3_22	1820871,1392759,669982
JR3_23	1533829,1174869,578301
JR3_24	1496302,1139440,563540
JR3_25	1846805,1404474,675561
JR3_2	2208303,1680962,783328
JR3_3	1395222,1070621,529181
JR3_4	3582035,2661897,1226928
JR3_5	1359414,1011961,547368
JR3_6	3551860,2709997,1173023
JR3_7	2457710,1872972,867687
JR3_8	1222687,927840,468424
JR3_9	9824,8781,3564
JR4_10	1731230,1319732,634102
JR4_11	2563044,1954805,893194
JR4_12	5630645,4273499,1718618
JR4_13	73874,56071,25685
JR4_14	3363042,2682903,1259549
JR4_15	415856,326468,200063
JR4_16	4000495,3159994,1443550
JR4_17	4580676,3634444,1615267
JR4_18	1643847,1256804,605366
JR4_19	3743723,2841005,1217183
JR4_1	10378680,7817461,1889493
JR4_20	4529017,3578269,1607421
JR4_21	3243900,2560908,1219676
JR4_22	964759,757993,430777
JR4_23	1927779,1464304,690991
JR4_24	3001358,2283261,1018185
JR4_25	1245320,987474,537725
JR4_2	1525460,1147963,355768
JR4_3	2757318,2096250,947150
JR4_4	2050280,1543671,467586
JR4_5	191369,144991,57427
JR4_6	115802,87822,38024
JR4_7	240549,182329,69845
JR4_8	1693953,1288414,624708
JR4_9	2008490,1504822,448400
JR5_10	2071734,1581807,804278
JR5_11	3837506,2920012,1247832
JR5_12	3427791,2576696,1246206
JR5_13	3703843,2812695,1325693
JR5_14	2168360,1682508,856876
JR5_15	1249173,950900,525414
JR5_16	3714794,2805292,1330722
JR5_17	1042403,801671,447573
JR5_18	4809289,3663365,1503398
JR5_19	43675,33932,24744
JR5_1	2362908,1799357,828138
JR5_20	981473,755739,391215
JR5_21	2587786,1958132,976593
JR5_22	1699372,1286622,629775
JR5_23	3014850,2286266,1023301
JR5_24	3216375,2457378,1181927
JR5_25	2495624,1902460,869940
JR5_2	5121802,3903558,1592510
JR5_3	2939530,2252434,1006849
JR5_4	1606170,1281220,672055
JR5_5	3859480,2931810,1367325
JR5_6	20205,15325,11812
JR5_7	4081021,3159787,1439381
JR5_8	2626898,2013498,909020
JR5_9	2734357,2090190,940984
NSR_01	1611596,1200235,614136
NSR_02	2118689,1575306,756976
NSR_03	12324,9561,7816
NSR_04	5420449,4111550,1648987
NSR_05	394770,301136,168727
NSR_06	1257584,971885,483197
NSR_07	1273419,964788,482428
NSR_08	998698,685856,382881
NSR_09	179122,136233,86261
NSR_10	904796,686737,358431
NSR_11	520507,393351,219606
NSR_12	1000530,759729,394790
NSR_13	76009,58814,37260
NSR_14	290318,222485,131879
NSR_15	2153246,1639159,767914
RD_BTOC_001	1341856,1079379,687851
RD_BTOC_002	2463022,1982106,1155219
RD_BTOC_003	1247806,1002328,639689
RD_BTOC_004	1100076,887419,579154
RD_BTOC_005	141875,115306,89143
RD_BTOC_006	356977,292043,210344
RD_BTOC_007	1345742,1082747,689709
RD_BTOC_008	1554369,1252586,777538
RD_BTOC_009	1243567,1004372,643232
RD_BTOC_010	1579878,1272038,788777
RD_BTOC_011	1284476,1030391,658741
RD_BTOC_012	1390916,1122675,679405
RD_BTOC_013	2911308,2357342,1273549
RD_BTOC_014	1670869,1352231,786529
RD_BTOC_015	1437774,1161624,690734
RD_BTOC_016	173940,143437,103410
RD_BTOC_017	516589,426082,279300
RD_BTOC_018	1404055,1140382,687723
RD_BTOC_019	2331830,1888280,1048451
RD_BTOC_020	1841958,1493592,856339
RD_BTOC_021	1980924,1602422,915052
RD_BTOC_022	1692454,1366857,801003
RD_BTOC_023	1251582,1014335,642676
RD_BTOC_024	2147214,1750392,1025559
RD_BTOC_025	1284687,1043857,651981
RD_BTQP_001	1326845,1080095,675340
RD_BTQP_002	114295,94340,72300
RD_BTQP_003	413729,343338,238122
RD_BTQP_004	1454029,1182069,724423
RD_BTQP_005	1724848,1403712,842291
RD_BTQP_006	1395984,1137424,705475
RD_BTQP_007	1667302,1354240,821522
RD_BTQP_008	1425851,1157460,717807
RD_BTQP_009	1766033,1421921,860756
RD_BTQP_010	1607891,1294346,793779
RD_BTQP_011	2274480,1831780,1061557
RD_BTQP_012	1322005,1064756,661310
RD_BTQP_013	1432974,1154106,712451
RD_BTQP_014	207481,169121,122954
RD_BTQP_015	519400,423752,287928
RD_BTQP_016	1459871,1174030,726088
RD_BTQP_017	1937015,1553572,920619
RD_BTQP_018	1459225,1177214,727719
RD_BTQP_019	1871885,1503394,899274
RD_BTQP_020	1548431,1244751,760854
RD_GSJS_001	1081551,870531,572139
RD_GSJS_002	1264415,1017740,651507
RD_GSJS_003	1734766,1395511,864238
RD_GSJS_004	1008522,811314,537912
RD_GSJS_005	879521,710494,479648
RD_GSJS_006	355629,291536,211031
RD_GSJS_007	1213042,984932,631778
RD_GSJS_008	1425982,1150655,725137
RD_GSJS_009	1358313,1073151,681949
RD_GSJS_010	984114,793847,532140
RD_GSJS_011	1437190,1159617,735374
RD_GSJS_012	1070273,860873,570215
RD_GSJS_013	1233849,994924,647220
RD_GSJS_014	1504955,1213020,764691
RD_GSJS_015	591266,481170,334920
RD_GSJS_016	1456252,1172026,733785
RD_GSJS_017	1323087,1067374,679615
RD_GSJS_018	1208350,976877,598712
RD_GSJS_019	893397,730776,455176
RD_GSJS_020	715404,589893,377021
RD_GSJS_021	1167391,954892,578253
RD_GSJS_022	1716680,1384060,808847
RD_GSJS_023	2180209,1766320,996216
RD_GSJS_024	2115218,1712683,969187
RD_GSJS_025	1544905,1251237,738670
RD_GSJS_026	1113142,903646,557374
RD_GSJS_027	722019,594271,381201
RD_GSJS_028	1293116,1058399,636001
RD_GSJS_029	1749917,1421103,833523
RD_GSJS_030	1874912,1514541,865435
RD_GSJS_031	2335242,1890456,1055804
RD_GSJS_032	1678245,1358929,798949
RD_GSJS_033	1679532,1356403,784289
RD_GSJS_034	631177,512152,337385
RD_GSJS_035	388197,320095,217890
RD_GSJS_036	1415910,1153419,673873
RD_GSJS_037	1421305,1151989,686947
RD_GSJS_038	1442076,1165162,700074
RD_GSJS_039	1980648,1601772,919085
RD_GSJS_040	1864445,1506024,862534
RD_GSJS_041	1273429,1030644,626117
RD_GSJS_042	1925459,1562399,898763
RD_GSJS_043	366386,301708,205253
RD_GSJS_044	1513445,1231605,728950
RD_GSJS_045	1307779,1059856,642656
RD_GSJS_046	1512625,1223521,732261
RD_GSJS_047	1047763,848506,531452
RD_GSJS_048	1420667,1148780,694656
RD_GSJS_049	922892,747899,472888
RD_GSJS_050	1413850,1142902,685858
RD_GSJS_051	1644135,1331862,777926
RD_GSJS_052	551260,453074,300444
RD_GSJS_053	1179115,956326,584579
RD_GSJS_054	1645849,1335611,782142
RD_GSJS_055	1238854,1011173,641947
RD_GSJS_056	829639,682858,445515
RD_GSJS_057	632871,522514,352809
RD_GSJS_058	1165827,961225,602856
RD_GSJS_059	1444680,1173474,729275
RD_GSJS_060	1750587,1422843,861630
RD_GSJS_061	1404282,1137311,713353
RD_GSJS_062	1123549,914140,588808
RD_GSJS_063	1023221,834708,542059
RD_GSJS_064	635971,525306,356423
RD_GSJS_065	994798,817657,530993
RD_GSJS_066	1637373,1333949,814618
RD_GSJS_067	1548798,1260855,779319
RD_GSJS_068	1918830,1564285,936032
RD_GSJS_069	1496738,1214647,757241
RD_GSJS_070	1375005,1118665,697567
RD_GSJS_071	587203,477373,330776
RD_GSJS_072	385900,318409,226264
RD_GSJS_073	1128526,921340,581090
RD_GSJS_074	1291604,1048736,660489
RD_GSJS_075	1315019,1070786,678066
RD_GSJS_076	1691617,1376333,831814
RD_GSJS_077	1757994,1429594,864210
RD_GSJS_078	1062028,862773,557678
RD_GSJS_079	1817947,1487095,899960
RD_GSJS_080	345056,285995,202602
RD_GSJS_081	1333846,1091849,676868
RD_GSJS_082	1500063,1218961,747408
RD_GSJS_083	1424573,1158428,728809
RD_GSJS_084	1130955,920316,593838
RD_GSJS_085	1706184,1392036,845309
RD_GSJS_086	946726,768793,505428
RD_GSJS_087	1324785,1076558,674210
RD_GSJS_088	1589855,1294911,793121
RD_GSJS_089	666945,550080,369652
RD_GSJS_090	1380880,1123043,699128
RD_GSJS_091	1473932,1202039,741576
RD_GSJS_092	1208636,973063,618664
RD_GSJS_093	1004857,807025,520571
RD_GSJS_094	753496,616806,408069
RD_GSJS_095	1404727,1140756,703714
RD_GSJS_096	1680746,1353572,824237
RD_GSJS_097	2082945,1675336,993155
RD_GSJS_098	1675557,1348367,823333
RD_GSJS_099	1241505,1001759,637463
RD_GSJS_100	1228429,993354,632140
RD_GSJS_101	743649,606103,403901
RD_GSJS_102	1161713,942345,595925
RD_GSJS_103	1553886,1252858,776267
RD_GSJS_104	1574614,1269042,783450
RD_GSJS_105	1990999,1607753,959328
RD_GSJS_106	1594187,1287467,794072
RD_GSJS_107	1365642,1095555,687621
RD_GSJS_108	617155,497120,342169
RD_GSJS_109	548868,450116,305976
RD_GSJS_110	1070565,864113,551441
RD_GSJS_111	1295317,1045363,656088
RD_GSJS_112	1446960,1166457,729017
RD_GSJS_113	1878800,1517523,910065
RD_GSJS_114	1911536,1542437,924995
RD_GSJS_115	1218894,985016,628274
RD_GSJS_116	1920471,1552393,932269
RD_GSJS_117	476048,386823,267697
RD_GSJS_118	1465575,1186668,734393
RD_GSJS_119	1444556,1165171,729905
RD_GSJS_120	1451748,1171694,732680
RD_GSJS_121	1264703,1020998,648480
RD_GSJS_122	1615829,1304006,803262
RD_GSJS_123	1213184,977895,627362
RD_GSJS_124	1294344,1041328,656556
RD_GSJS_125	1686444,1358646,827563
RD_GSJS_126	697425,567276,381157
RD_GSJS_127	1378191,1109845,688338
RD_GSJS_128	1585319,1279730,788109
RD_GSTS_001	899403,724500,484390
RD_GSTS_002	617190,502995,345291
RD_GSTS_003	646023,531035,362262
RD_GSTS_004	1713205,1381602,846499
RD_GSTS_005	1002506,819621,529642
RD_GSTS_006	1769034,1424210,871539
RD_GSTS_007	1793805,1445708,881972
RD_GSTS_008	1316389,1058333,675425
RD_GSTS_009	1039600,840318,552444
RD_GSTS_010	554137,454325,316503
RD_GSTS_011	1048739,856654,554529
RD_GSTS_012	1400755,1125847,712136
RD_GSTS_013	1376323,1108705,705785
RD_GSTS_014	1674288,1348113,829995
RD_GSTS_015	1739611,1404254,860885
RD_GSTS_016	1481799,1193279,744040
RD_GSTS_017	675712,544115,376400
RD_GSTS_018	390053,318704,228743
RD_GSTS_019	1171159,950766,603760
RD_GSTS_020	1331591,1071452,673614
RD_RBFL_001	1779779,1404220,859716
RD_RBFL_002	1548750,1221062,757241
RD_RBFL_003	1983090,1577867,949194
RD_RBFL_004	2233681,1767684,1047659
RD_RBFL_005	2058877,1650266,981954
RD_RBFL_006	1707333,1359485,837303
RD_RBFL_007	879626,710719,466463
RD_RBFL_008	1076523,857364,554474
RD_RBFL_009	2501103,1996017,1154228
RD_RBFL_010	1842984,1459432,901856
RD_RBFL_011	1390739,1094595,692328
RD_RBFL_012	2083948,1663297,993467
RD_RBFL_013	2028417,1617016,969279
RD_RBFL_014	1925203,1543843,934691
RD_RBFL_015	450338,363456,256069
RD_RBFL_016	856670,693819,462607
RD_RBFL_017	1282856,1020465,646015
RD_RBFL_018	1910469,1499455,913002
RD_RBFL_019	1820417,1450863,883335
RD_RBFL_020	1731264,1377956,846961
RD_RBFR_001	1647399,1321948,816660
RD_RBFR_002	1006969,800641,526636
RD_RBFR_003	1035066,828878,539909
RD_RBFR_004	412479,331484,235328
RD_RBFR_005	680138,548444,373164
RD_RBFR_006	573245,466301,323543
RD_RBFR_007	186054,145639,112393
RD_RBFR_008	1390651,1116335,697291
RD_RBFR_009	167319,130979,102531
RD_RBFR_010	973489,777155,510598
RD_RBFR_011	727449,585677,374913
RD_RBFR_012	1597654,1272310,751872
RD_RBFR_013	637837,511384,332174
RD_RBFR_014	579488,470818,304339
RD_RBFR_015	190851,150058,109820
RD_RBFR_016	207189,168195,121078
RD_RBFR_017	737335,580587,372544
RD_RBFR_018	1172364,940907,576904
RD_RBFR_019	295635,237221,168040
RD_RBFR_020	1170173,945838,569405
RD_RBRL_001	1722407,1398277,849084
RD_RBRL_002	1451865,1149937,717746
RD_RBRL_006	577577,477714,325698
RD_RBRL_007	1795352,1458433,871712
RD_RBRL_009	1359251,1103558,692161
RD_RBRL_010	1647236,1341065,807811
RD_RBRL_014	834895,673589,437320
RD_RBRL_019	1405917,1132373,703601
RD_RBRL_021	1500049,1157524,736227
RD_RBRL_022	1288157,1004781,644664
RD_RBRL_023	1437292,1133616,711227
RD_RBRL_024	628080,492754,339516
RD_RBRL_025	1726156,1344634,825700
RD_RBRL_026	1343932,1007228,655208
RD_RBRL_027	1571212,1193060,754475
RD_RBRL_028	1591723,1222392,749482
RD_RBRL_029	1488939,1177485,737980
RD_RBRL_030	1336799,1039735,663361
RD_RBRL_031	83833,66770,53691
RD_RBRL_032	160118,117579,92715
RD_SPKR_001	1301612,1059062,667209
RD_SPKR_002	227330,187688,138407
RD_SPKR_003	871013,717980,468258
RD_SPKR_004	537517,442951,300107
RD_SPKR_005	1078378,874554,559153
RD_SPKR_006	1084764,881423,565132
RD_SPKR_007	1461927,1188280,731385
RD_SPKR_008	1526875,1239891,757802
RD_SPKR_009	1106947,901342,579785
RD_SPKR_010	999311,820645,522325
RD_SPKR_011	1190458,956591,605386
RD_SPKR_012	311612,255646,181946
RD_SPKR_013	1143270,926092,587518
RD_SPKR_014	780212,632429,413474
RD_SPKR_015	1253179,1009527,638950
RD_SPKR_016	1174019,944407,606239
RD_SPKR_017	1527423,1230690,752324
RD_SPKR_018	1795121,1442686,865971
RD_SPKR_019	1318193,1062068,671070
RD_SPKR_020	1346024,1088034,676188
RD_SPSH_001	1334297,1073374,686245
RD_SPSH_002	208394,171082,129911
RD_SPSH_003	891885,719046,479918
RD_SPSH_004	556705,455518,313402
RD_SPSH_005	3611257,2903871,1572117
RD_SPSH_006	1022930,822956,547186
RD_SPSH_007	1370433,1105409,701713
RD_SPSH_008	1508429,1214349,762702
RD_SPSH_009	1005587,808016,537847
RD_SPSH_010	921437,746848,492724
RD_SPSH_011	1350633,1087570,659014
RD_SPSH_012	199869,164129,117598
RD_SPSH_013	1023312,839448,518499
RD_SPSH_014	553774,453474,296655
RD_SPSH_015	1602470,1296043,760195
RD_SPSH_016	1390516,1124996,682192
RD_SPSH_017	1734331,1402387,814975
RD_SPSH_018	1848360,1485244,862171
RD_SPSH_019	1406565,1141282,693117
RD_SPSH_020	929714,757105,472395
RD_STMR_001	1808815,1463878,851369
RD_STMR_002	1500841,1219430,726921
RD_STMR_003	1724432,1402125,838519
RD_STMR_004	1477034,1201472,733273
RD_STMR_005	1549109,1256939,766807
RD_STMR_006	1921573,1564160,925494
RD_STMR_007	1626992,1322395,796799
RD_STMR_008	1191640,970059,614152
RD_STMR_009	458579,376186,259758
RD_STMR_010	781973,642305,422795
RD_STMR_011	2180667,1771817,1022677
RD_STMR_012	1494776,1214102,756515
RD_STMR_013	1725410,1401729,854909
RD_STMR_014	1465237,1189872,732195
RD_STMR_015	1686685,1367667,829761
RD_STMR_016	1334417,1078026,682146
RD_STMR_017	331152,273491,194163
RD_STMR_018	899015,744372,483088
RD_STMR_019	1055897,863337,546647
RD_STMR_020	1708328,1389640,839965
RD_STMR_021	1339982,1088568,684752
RD_STPR_001	1494783,1214248,751494
RD_STPR_002	1137504,922903,585302
RD_STPR_003	1221453,992556,630454
RD_STPR_004	1150335,934216,591787
RD_STPR_005	519823,428606,295966
RD_STPR_006	1764396,1431128,853321
RD_STPR_007	1657050,1344577,814015
RD_STPR_008	1577277,1266160,772205
RD_STPR_009	1347431,1081708,669854
RD_STPR_010	1508133,1203701,741966
RD_STPR_011	2045514,1642594,964949
RD_STPR_012	1714651,1376260,828086
RD_STPR_013	1415238,1139453,705627
RD_STPR_014	775525,625625,411865
RD_STPR_015	887033,717598,465327
RD_STPR_016	1869891,1498067,887995
RD_STPR_017	1216557,973303,620349
RD_STPR_018	1208594,965532,611281
RD_STPR_019	762442,612074,409692
RD_STPR_020	1730145,1389077,841593
RD_STPR_021	1493969,1204721,746541
RD_STPR_022	523856,425381,289049
RD_STPR_023	972962,794023,512222
RD_STPR_024	1163794,937816,591009
RD_STPR_025	1743993,1398672,847757
RD_STPR_026	1433390,1151142,719634
RD_STPR_027	1632028,1312179,804944
RD_STPR_028	1651932,1326638,810357
RD_STPR_029	1438649,1157938,719756
RD_STPR_030	1537093,1232442,756111
RD_STPR_031	770488,624393,414109
RD_STPR_032	1729570,1390195,835171
RD_STRT_001	1866233,1509601,872069
RD_STRT_002	1835516,1484162,847540
RD_STRT_003	1263274,1018768,620088
RD_STRT_004	676417,555775,355708
RD_STRT_005	955476,782973,483244
RD_STRT_006	1767239,1429892,831093
RD_STRT_007	1746001,1409526,828670
RD_STRT_008	1519690,1229136,727165
RD_STRT_009	1549196,1255766,737688
RD_STRT_010	1542353,1246193,726879
RD_STRT_011	991658,803396,499365
RD_STRT_012	318890,263415,180835
RD_STRT_013	968289,798603,496225
RD_STRT_014	967942,790343,491190
RD_STRT_015	2445001,1979566,1088421
RD_STRT_016	1408304,1139780,681751
RD_STRT_017	1965697,1594685,921504
RD_STRT_018	1996742,1616582,926040
RD_STRT_019	1559089,1265307,751809
RD_STRT_020	1684427,1365664,793890
RD_STRT_021	659977,542235,351160
RD_STWA_001	960277,771890,514071
RD_STWA_002	1321942,1065275,681085
RD_STWA_003	1577468,1272953,800870
RD_STWA_004	2122869,1710103,1010995
RD_STWA_005	1762308,1421857,867669
RD_STWA_006	659726,532670,367624
RD_STWA_007	574358,467911,324796
RD_STWA_008	779723,635604,428013
RD_STWA_009	2034866,1638493,988268
RD_STWA_010	1339197,1073904,698678
RD_STWA_011	1207620,972073,632894
RD_STWA_012	1466585,1181829,745833
RD_STWA_013	1858032,1495984,916055
RD_STWA_014	1088998,880027,574568
RD_STWA_015	301873,248063,181751
RD_STWA_016	753453,618277,419082
RD_STWA_017	342631,261526,193530
RD_STWA_018	1758172,1417199,877457
RD_STWA_019	386267,311398,227227
RD_STWA_020	1475456,1189215,754486
RD_STWA_021	833272,668843,450808
RD_STWA_022	1314371,1061094,684195
RD_STWA_023	1204394,971690,625595
RD_STWA_024	522116,425879,299279
RD_STWA_025	1572080,1267547,785237
RD_STWA_026	1583196,1275436,801536
RD_STWA_027	1426615,1153127,679000
RD_STWA_028	610893,492492,322703
RD_STWA_029	1554026,1248928,739612
SD_RBRL_003	1116695,910152,568408
SD_RBRL_004	503885,413378,270951
SD_RBRL_005	666659,547736,352458
SD_RBRL_008	1384715,1128909,695594
SD_RBRL_011	1846419,1494491,885545
SD_RBRL_012	1753380,1413555,835099
SD_RBRL_013	1286763,1037986,644676
SD_RBRL_015	1009184,810192,503369
SD_RBRL_016	785979,629204,407270
SD_RBRL_017	1657720,1339509,790644
SD_RBRL_018	1420326,1142617,700787
SD_RBRL_020	1536173,1240434,739656
SD_SDHR_001	724405,590637,399223
SD_SDHR_002	937981,764460,499031
SD_SDWR_001	547040,445618,305001
SD_SDWR_002	599211,488242,331382
SS03_10	1894493,1434631,701140
SS03_11	1047978,820880,461684
SS03_12	1114504,872560,493906
SS03_13	5646085,4387536,1928093
SS03_14	2168153,1681504,864502
SS03_15	1662146,1262672,611886
SS03_16	2118265,1613140,759781
SS03_17	1142916,890174,497132
SS03_18	1342645,1020079,507376
SS03_19	945666,728138,386301
SS03_1	1320958,1032425,506374
SS03_20	3333946,2666979,1276086
SS03_21	2579962,2051783,1025772
SS03_22	2079941,1664802,857087
SS03_23	675445,525083,279463
SS03_24	2220561,1774364,907117
SS03_25	1246925,964833,482148
SS03_2	2031393,1565068,791773
SS03_3	475904,370121,204759
SS03_4	2202454,1688010,860051
SS03_5	2155667,1657983,842055
SS03_6	1361721,1058526,525031
SS03_7	718199,561626,328778
SS03_8	1762973,1350466,655414
SS03_9	3146874,2421781,1066467
SS05_10	1859026,1383300,753138
SS05_11	1174105,880434,502158
SS05_12	534213,413649,225537
SS05_13	1106680,828828,477684
SS05_14	1946269,1470926,773373
SS05_15	305962,234137,134591
SS05_16	534607,402973,241847
SS05_17	2114681,1587273,839999
SS05_18	670684,503620,310107
SS05_19	915102,694726,406759
SS05_1	1051354,818648,417747
SS05_20	2330629,1763454,770788
SS05_21	1525493,1152667,534091
SS05_22	2067535,1577724,707922
SS05_23	264484,209386,120029
SS05_24	882574,678667,353192
SS05_25	12589,9702,8651
SS05_2	1658370,1257506,623960
SS05_3	3889509,3103593,1451751
SS05_4	1885777,1420814,748686
SS05_5	2015141,1505442,794106
SS05_6	1300258,987594,549513
SS05_7	1639512,1257065,684879
SS05_8	1798080,1352042,724056
SS05_9	1445848,1094883,608650
SS06_1	1264417,958349,454631
SS06_2	1291715,973660,546332
SS06_3	824223,620958,372321
SS10_10	1583529,1196791,562600
SS10_11	1029318,781539,452024
SS10_12	1332086,1012817,559067
SS10_13	6398215,4931078,1901636
SS10_14	1263261,948754,475125
SS10_15	981621,741991,431143
SS10_16	850162,640477,378711
SS10_17	1334718,1007437,478818
SS10_18	1379235,1036779,580901
SS10_19	993491,751296,436677
SS10_1	577073,443915,238003
SS10_20	1877385,1413093,649246
SS10_21	1184296,889758,512316
SS10_22	1260524,958240,454291
SS10_23	1598192,1225052,564912
SS10_24	936509,720306,353892
SS10_25	973510,736314,428373
SS10_2	568763,438051,237950
SS10_3	14408,11102,8972
SS10_4	332787,254417,145163
SS10_5	1151953,873030,498027
SS10_6	1157201,891430,426024
SS10_7	2922981,2251407,1003742
SS10_8	710267,538424,326861
SS10_9	1415163,1079496,514028
SS11_10	3762564,2874949,1195823
SS11_11	2802163,2130943,925226
SS11_12	269657,207441,119860
SS11_13	1060203,811761,392267
SS11_14	925531,700142,408084
SS11_15	662443,508718,271259
SS11_16	1993447,1515008,688255
SS11_17	854616,657009,339298
SS11_18	1659946,1258735,592057
SS11_19	1182897,898688,428488
SS11_1	52384,40546,26595
SS11_20	1597220,1208955,569646
SS11_21	1254867,952314,454633
SS11_22	1413411,1048237,589828
SS11_23	923493,698383,405182
SS11_24	2673539,2019013,892547
SS11_25	1997668,1523367,683067
SS11_2	85856,66300,41712
SS11_3	207262,159823,95540
SS11_4	1936857,1495961,675201
SS11_5	2482667,1901310,838252
SS11_6	976897,745164,367880
SS11_7	1751194,1301869,622206
SS11_8	926618,702027,408627
SS11_9	1150081,884935,444051
SS12_10	1518198,1142700,625666
SS12_11	1215496,915560,519978
SS12_12	1957335,1474217,785579
SS12_13	1321195,1003333,475455
SS12_14	1170638,877274,470298
SS12_15	3166149,2410671,1042459
SS12_16	1813144,1355184,680901
SS12_17	1450804,1104334,517970
SS12_18	2006766,1513492,767696
SS12_19	1770772,1336619,630185
SS12_1	1564662,1193275,557251
SS12_20	1674271,1259200,647258
SS12_21	1441321,1098296,513165
SS12_22	2219915,1694951,754320
SS12_23	1190117,927900,444059
SS12_24	2937098,2252198,964967
SS12_25	1449491,1102830,513195
SS12_2	62409,48518,30463
SS12_3	255077,198273,115347
SS12_4	930676,668245,364105
SS12_5	1135506,851175,486681
SS12_6	162154,125629,75547
SS12_7	687618,530072,281307
SS12_8	1516842,1174809,548978
SS12_9	818380,618267,322089
SS14_10	2192243,1671980,740699
SS14_11	1150979,886510,448146
SS14_12	1626114,1248822,575552
SS14_13	1673397,1279356,591014
SS14_14	1348785,1031777,487341
SS14_15	2004624,1534387,695114
SS14_16	523710,401798,219701
SS14_17	1844997,1404057,638761
SS14_18	327202,252027,144539
SS14_19	2705287,2063886,898418
SS14_1	222336,170842,100171
SS14_20	460923,355129,197168
SS14_21	1160732,884823,422732
SS14_22	1229089,939321,449399
SS14_23	1132483,872754,421432
SS14_24	2039325,1556123,691924
SS14_25	2050582,1572522,699134
SS14_2	743359,572341,301650
SS14_3	475090,368029,202273
SS14_4	1673650,1274220,583311
SS14_5	427235,328751,182314
SS14_6	44639,34846,22559
SS14_7	1864103,1419704,641149
SS14_8	391003,303553,169608
SS14_9	1744759,1324996,614828
SS15_1	1436557,1096261,513327
SS16_10	2356805,1774826,878411
SS16_11	1817970,1380328,703927
SS16_12	2030362,1531284,774988
SS16_13	1660800,1258703,654287
SS16_14	3432,2646,2491
SS16_15	1529811,1155405,635696
SS16_16	2939341,2256511,962590
SS16_17	2160569,1618817,859361
SS16_18	2020230,1553848,705349
SS16_19	2385739,1753198,801224
SS16_1	8796,6936,6027
SS16_20	2160557,1629860,867739
SS16_2	3597834,2697841,1271352
SS16_3	1616878,1228084,570694
SS16_4	1905602,1455987,659442
SS16_5	1277865,954671,518043
SS16_6	1235156,929412,502428
SS16_7	3396687,2555064,1200432
SS16_8	1358924,1035231,493302
SS16_9	2482233,1867892,928854
SS17W_1	1432668,1089944,512823
SS17W_2	1042310,792151,388204
SS19_10	604781,460227,265072
SS19_11	750909,581332,318232
SS19_12	472022,369204,212406
SS19_13	1223569,933484,491678
SS19_14	392158,303542,182262
SS19_15	2994649,2287389,973384
SS19_16	1502480,1156163,542087
SS19_17	287964,221119,132989
SS19_18	1031052,782969,388353
SS19_19	2580331,1968666,859299
SS19_1	1325596,1010111,562551
SS19_20	2203199,1684509,751885
SS19_21	3091443,2246146,1024982
SS19_22	777017,590825,325154
SS19_23	1672982,1276781,603137
SS19_24	398847,302876,181407
SS19_25	854543,652493,344196
SS19_2	4135,3178,3035
SS19_3	2728282,2069046,1053652
SS19_4	57070,43146,31048
SS19_5	1588796,1210074,561517
SS19_6	832497,636081,349714
SS19_7	2441167,1870954,819907
SS19_8	1424489,1084577,520125
SS19_9	1930669,1476514,670216
SS20A_10	832991,630409,324946
SS20A_11	1167728,891027,430519
SS20A_12	956055,728012,390691
SS20A_13	603470,458599,259346
SS20A_14	530226,398946,232487
SS20A_15	273287,210194,130369
SS20A_16	750729,582483,330930
SS20A_17	893414,686981,372107
SS20A_18	1359815,1043400,531244
SS20A_19	2182056,1655856,733854
SS20A_1	1999652,1537611,704151
SS20A_20	1584099,1214001,560263
SS20A_21	772678,606262,304271
SS20A_22	822747,624599,345068
SS20A_23	1874915,1438679,663515
SS20A_24	2226731,1717529,801494
SS20A_25	542283,413452,237635
SS20A_2	3712531,2848383,1176933
SS20A_3	190609,148299,94386
SS20A_4	1689477,1307997,598692
SS20A_5	484443,369202,216886
SS20A_6	675709,517605,288743
SS20A_7	401456,315513,190525
SS20A_8	486750,377301,224133
SS20A_9	1287791,985318,468214
SS20B_10	1314098,995780,514402
SS20B_11	1560200,1192932,594375
SS20B_12	192184,147859,94087
SS20B_13	2223094,1646732,819991
SS20B_14	825720,637717,333838
SS20B_15	3155213,2371614,1023920
SS20B_16	4268797,3276329,1337289
SS20B_17	392971,302619,170708
SS20B_18	3073583,2345876,1015842
SS20B_19	1768923,1308486,671092
SS20B_1	3309211,2537028,1080574
SS20B_20	1658600,1289827,597310
SS20B_21	3068234,2370338,1024131
SS20B_22	4689,3695,3064
SS20B_23	734489,561604,299962
SS20B_24	1261564,961562,501257
SS20B_25	1775204,1364481,665880
SS20B_2	6764502,5168750,1922440
SS20B_3	1199278,912905,477983
SS20B_4	1201501,936245,501005
SS20B_5	633790,489079,272160
SS20B_6	1293584,992184,471991
SS20B_7	7353608,5608049,2056412
SS20B_8	1601438,1231452,612490
SS20B_9	1079822,837436,445584
SS21_10	1372935,1015653,549040
SS21_11	1605016,1188776,614971
SS21_12	1029703,791741,409222
SS21_13	2309517,1709338,851545
SS21_14	1161976,861996,470817
SS21_15	1717798,1272664,658485
SS21_16	1881213,1393855,711094
SS21_17	4655,3615,3308
SS21_18	1116530,860086,444149
SS21_19	2830740,2161360,974913
SS21_1	722767,564299,299057
SS21_20	1976742,1456936,734902
SS21_21	2641397,1952375,917978
SS21_22	2371802,1819257,852347
SS21_23	1657315,1265204,599710
SS21_24	1986634,1477155,760768
SS21_25	1296837,993212,501017
SS21_26	2422980,1873421,861675
SS21_2	883196,676684,357989
SS21_3	585060,431953,253143
SS21_4	2406333,1798981,880916
SS21_5	2149262,1597823,806211
SS21_6	2339821,1729929,864692
SS21_7	1372764,1056975,526219
SS21_8	1289809,948721,499759
SS21_9	1402561,1049462,562882
STR_01	2802040,2143918,972560
STR_02	3772854,2868530,1232847
STR_03	2456938,1869850,860944
STR_04	6564,5092,4721
STR_05	2310373,1752898,811234
STR_06	2100487,1593605,745125
STR_07	3714377,2822801,1221009
STR_08	5794697,4385830,1748574
STR_09	4615074,3522791,1470159
STR_10	2793721,2141772,951150
STR_11	4902545,3767034,1544713
STR_12	2594141,1968566,902089
STR_13	2038259,1543831,725739
STR_14	1651905,1254584,606121
STR_15	2997186,2272623,1014433
TC_TCCD_001	1836157,1454734,892442
TC_TCCD_002	1310203,1034854,668137
TC_TCCD_003	317178,253911,183965
TC_TCCD_004	785327,639159,426216
